export Settings = {
    cell_size: 80,
    rows: 8,
    columns: 8,

    white_color: {
        red: 0.9375,
        green: 0.84765625,
        blue: 0.70703125
    },

    black_color: {
        red: 0.70703125,
        green: 0.53125,
        blue: 0.38671875
    },

    font_size: 24
}
